0 0.665179 0.580357 0.044643 0.062500
0 0.301339 0.758929 0.066964 0.053571
0 0.479911 0.904018 0.049107 0.058036
1 0.680804 0.705357 0.040179 0.080357
1 0.883929 0.899554 0.044643 0.093750
2 0.377232 0.910714 0.040179 0.053571
0 0.479911 0.709821 0.049107 0.062500
2 0.738839 0.968750 0.058036 0.053571
3 0.774554 0.747768 0.049107 0.049107
3 0.303571 0.845982 0.044643 0.049107
3 0.888393 0.689732 0.044643 0.066964
4 0.814732 0.629464 0.040179 0.053571
4 0.508929 0.720982 0.044643 0.040179
5 0.531250 0.765625 0.062500 0.040179
5 0.729911 0.763393 0.058036 0.035714